12
2880 2122 1567 3600 1089 1210 335 1900 0
335 1735 1732 1029 1949 1975 1397 824 0
11 142 147 41 117 11 0
11188 3762 9237 6323 12248 15504 4335 217 3956 5671 7815 9856 14875 10490 7347 0
103 184 211 206 227 246 217 113 136 1 229 147 234 0
73 203 329 456 176 464 463 300 129 195 96 82 11 325 0
18 323 505 429 264 485 349 488 244 350 432 25 305 346 156 0
242 161 107 218 136 256 26 233 48 67 238 210 45 0
6592 638 5641 2612 195 3030 0
109 234 1124 1329 1618 1745 791 0
108 2266 5293 4447 2255 6124 3705 3766 69 3126 2277 1493 3876 1067 0
1677 626 1177 387 1181 153 495 1414 1276 1824 984 973 567 701 556 0