30
1901318876 470286225
981364577 82445861
327362235 1746540607
1110608627 1652752843
1237244643 1238352653
105060624 1795227469
856276534 554730691
1662995369 1051049370
1905149448 1772435202
761193382 45232763
644027356 2001074259
1727112051 1119594406
1489129649 2121202958
173350942 1209835761
1215624155 1948202485
944477879 1233912099
1447932762 1766643713
189599516 1909290018
371584743 361274739
1030407914 1339332629
1258222195 191525911
210592363 906015161
479761292 133014982
1406336647 888044687
854196667 1956289750
1799181046 1266062725
1510399087 1185413322
2076110628 1903127925
52118076 1810537319
1555455963 1084820630