17
4444705723234237498833973519982908519933430818636409166351397897095281987215864
1804806230506827139972673993056447286090576726816489036904633181471200345608348993357650537629785712093273790212187573241116334334099692195465875240529890
984729762650247500517208505027019748580915316836544098698206971848465938083481761308953633422991427320587207624093505863713887660617908141081091367124435474030411762223507419719362603649208
38998252765372722263245495576480293668716890845206878575079040726248313269008421436968448254300074039373991611106131177579550927210592428323178729859320374241974749223602222638642806869769919611
63173200356011969809443437297358849022080673265589795452673441480303628721313666802004216758598573763
497307396188898807131503486647178255890061659772976965454458975169527017294027706862807765401189253711316368502706160464099788908414618365227045003478122202833991516361313407194047833564766337836766081
734544867157818093234908902110449296423351
7076440730967596155785757746439631686324456941574204271664446368107025465223834275134631306233677723547296026061459919260564617057
1670521051256653841637126560614460756304620968521825962693973285419332485005221840483956053945201474108702846239809981459774415965
590606256885570541884749772942551428042092906415213688441386695785274827100237057501589632981816458291377
12200160415121876738
2967795697064976427862421836334141336150900792786444618288545455102252664927332007624673682829385529104
1082459262056433063877940200966638133809015267665311237542082678938909
376133299598777812700379898628680370023318308727344486102389483621554703181438703145226910973812459072158321495558494851173542760823145862033161010191714178638551372998552842804166807985803
16621876686686616191784743387304878363067165807907454732225219875478733692617866716260109886666023166739157304546673
3108001074820004069863331500065201150560621097531260467068055400447631958062297366873598156121238898120887690588454054079963077605559825
2143402371193585144275731144820024112622791843221056597232